12468735
12486735
12487365
12487635
12573846
12578346
12578436
12578463
12587346
12587436
12587463
12648735
12678345
12678354
12678435
12684735
12687345
12687354
12687435
12735846
12738456
12738546
12753846
12758346
12758436
12758463
12768345
12768354
12768435
12783456
12783465
12783546
12783645
12783654
12784356
12784365
12784536
12784563
12784635
12785346
12785436
12785463
12786345
12786354
12786435
12846735
12847365
12847635
12857346
12857436
12857463
12864735
12867345
12867354
12867435
12873456
12873465
12873546
12873645
12873654
12874356
12874365
12874536
12874563
12874635
12875346
12875436
12875463
12876345
12876354
12876435
14267853
14268753
14276853
14278653
14286753
14287653
14627853
14628753
14672853
14678253
14678523
14678532
14682753
14687253
14687523
14687532
14726853
14728653
14762853
14768253
14768523
14768532
14782653
14786253
14786523
14786532
14826753
14827653
14862753
14867253
14867523
14867532
14872653
14876253
14876523
14876532
15273846
15278346
15278436
15278463
15287346
15287436
15287463
15678423
15678432
15687342
15687423
15687432
15723846
15728346
15728436
15728463
15732846
15738246
15768423
15768432
15782346
15782436
15782463
15783246
15786423
15786432
15827346
15827436
15827463
15867342
15867423
15867432
15872346
15872436
15872463
15873246
15873642
15876342
15876423
15876432
16248735
16278345
16278354
16278435
16284735
16287345
16287354
16287435
16427853
16428753
16472853
16478253
16478523
16478532
16482753
16487253
16487523
16487532
16578423
16578432
16587342
16587423
16587432
16728345
16728354
16728435
16742853
16748253
16748523
16748532
16758423
16758432
16782345
16782354
16782435
16783245
16783254
16783524
16784253
16784523
16784532
16785423
16785432
16824735
16827345
16827354
16827435
16842753
16847253
16847523
16847532
16857342
16857423
16857432
16872345
16872354
16872435
16873245
16873254
16873524
16874253
16874523
16874532
16875342
16875423
16875432
17235846
17238456
17238546
17253846
17258346
17258436
17258463
17268345
17268354
17268435
17283456
17283465
17283546
17283645
17283654
17284356
17284365
17284536
17284563
17284635
17285346
17285436
17285463
17286345
17286354
17286435
17325846
17328456
17328546
17352846
17358246
17382456
17382546
17385246
17426853
17428653
17462853
17468253
17468523
17468532
17482653
17486253
17486523
17486532
17523846
17528346
17528436
17528463
17532846
17538246
17568423
17568432
17582346
17582436
17582463
17583246
17586423
17586432
17628345
17628354
17628435
17642853
17648253
17648523
17648532
17658423
17658432
17682345
17682354
17682435
17683245
17683254
17683524
17684253
17684523
17684532
17685423
17685432
17823456
17823465
17823546
17823645
17823654
17824356
17824365
17824536
17824563
17824635
17825346
17825436
17825463
17826345
17826354
17826435
17832456
17832465
17832546
17832645
17832654
17835246
17836245
17836254
17836524
17842653
17846253
17846523
17846532
17852346
17852436
17852463
17853246
17856423
17856432
17862345
17862354
17862435
17863245
17863254
17863524
17864253
17864523
17864532
17865423
17865432
18246735
18247365
18247635
18257346
18257436
18257463
18264735
18267345
18267354
18267435
18273456
18273465
18273546
18273645
18273654
18274356
18274365
18274536
18274563
18274635
18275346
18275436
18275463
18276345
18276354
18276435
18426753
18427653
18462753
18467253
18467523
18467532
18472653
18476253
18476523
18476532
18527346
18527436
18527463
18567342
18567423
18567432
18572346
18572436
18572463
18573246
18573642
18576342
18576423
18576432
18624735
18627345
18627354
18627435
18642753
18647253
18647523
18647532
18657342
18657423
18657432
18672345
18672354
18672435
18673245
18673254
18673524
18674253
18674523
18674532
18675342
18675423
18675432
18723456
18723465
18723546
18723645
18723654
18724356
18724365
18724536
18724563
18724635
18725346
18725436
18725463
18726345
18726354
18726435
18732456
18732465
18732546
18732645
18732654
18735246
18735642
18736245
18736254
18736524
18742653
18746253
18746523
18746532
18752346
18752436
18752463
18753246
18753642
18756342
18756423
18756432
18762345
18762354
18762435
18763245
18763254
18763524
18764253
18764523
18764532
18765342
18765423
18765432
21468735
21486735
21487365
21487635
21573846
21578346
21578436
21578463
21587346
21587436
21587463
21648735
21678345
21678354
21678435
21684735
21687345
21687354
21687435
21735846
21738456
21738546
21753846
21758346
21758436
21758463
21768345
21768354
21768435
21783456
21783465
21783546
21783645
21783654
21784356
21784365
21784536
21784563
21784635
21785346
21785436
21785463
21786345
21786354
21786435
21846735
21847365
21847635
21857346
21857436
21857463
21864735
21867345
21867354
21867435
21873456
21873465
21873546
21873645
21873654
21874356
21874365
21874536
21874563
21874635
21875346
21875436
21875463
21876345
21876354
21876435
24168735
24186735
24187365
24187635
24567813
24568713
24576813
24578136
24578163
24578613
24586713
24587136
24587163
24587613
24618735
24657831
24658731
24675831
24678135
24678531
24681735
24685731
24687135
24687531
24756813
24758136
24758163
24758613
24765831
24768135
24768531
24781356
24781365
24781536
24781563
24781635
24785136
24785163
24785613
24786135
24786531
24816735
24817365
24817635
24856713
24857136
24857163
24857613
24861735
24865731
24867135
24867531
24871356
24871365
24871536
24871563
24871635
24875136
24875163
24875613
24876135
24876531
25173846
25178346
25178436
25178463
25187346
25187436
25187463
25467813
25468713
25476813
25478136
25478163
25478613
25486713
25487136
25487163
25487613
25647831
25648731
25674831
25678314
25678341
25678431
25684731
25687314
25687341
25687431
25713846
25718346
25718436
25718463
25746813
25748136
25748163
25748613
25764831
25768314
25768341
25768431
25781346
25781436
25781463
25783164
25783614
25783641
25784136
25784163
25784613
25786314
25786341
25786431
25817346
25817436
25817463
25846713
25847136
25847163
25847613
25864731
25867314
25867341
25867431
25871346
25871436
25871463
25873164
25873614
25873641
25874136
25874163
25874613
25876314
25876341
25876431
26148735
26178345
26178354
26178435
26184735
26187345
26187354
26187435
26418735
26457831
26458731
26475831
26478135
26478531
26481735
26485731
26487135
26487531
26547831
26548731
26574831
26578314
26578341
26578431
26584731
26587314
26587341
26587431
26718345
26718354
26718435
26745831
26748135
26748531
26754831
26758314
26758341
26758431
26781345
26781354
26781435
26784135
26784531
26785314
26785341
26785431
26814735
26817345
26817354
26817435
26841735
26845731
26847135
26847531
26854731
26857314
26857341
26857431
26871345
26871354
26871435
26874135
26874531
26875314
26875341
26875431
27135846
27138456
27138546
27153846
27158346
27158436
27158463
27168345
27168354
27168435
27183456
27183465
27183546
27183645
27183654
27184356
27184365
27184536
27184563
27184635
27185346
27185436
27185463
27186345
27186354
27186435
27456813
27458136
27458163
27458613
27465831
27468135
27468531
27481356
27481365
27481536
27481563
27481635
27485136
27485163
27485613
27486135
27486531
27513846
27518346
27518436
27518463
27546813
27548136
27548163
27548613
27564831
27568314
27568341
27568431
27581346
27581436
27581463
27583164
27583614
27583641
27584136
27584163
27584613
27586314
27586341
27586431
27618345
27618354
27618435
27645831
27648135
27648531
27654831
27658314
27658341
27658431
27681345
27681354
27681435
27684135
27684531
27685314
27685341
27685431
27813456
27813465
27813546
27813645
27813654
27814356
27814365
27814536
27814563
27814635
27815346
27815436
27815463
27816345
27816354
27816435
27831564
27835164
27835614
27835641
27841356
27841365
27841536
27841563
27841635
27845136
27845163
27845613
27846135
27846531
27851346
27851436
27851463
27853164
27853614
27853641
27854136
27854163
27854613
27856314
27856341
27856431
27861345
27861354
27861435
27864135
27864531
27865314
27865341
27865431
28146735
28147365
28147635
28157346
28157436
28157463
28164735
28167345
28167354
28167435
28173456
28173465
28173546
28173645
28173654
28174356
28174365
28174536
28174563
28174635
28175346
28175436
28175463
28176345
28176354
28176435
28416735
28417365
28417635
28456713
28457136
28457163
28457613
28461735
28465731
28467135
28467531
28471356
28471365
28471536
28471563
28471635
28475136
28475163
28475613
28476135
28476531
28517346
28517436
28517463
28546713
28547136
28547163
28547613
28564731
28567314
28567341
28567431
28571346
28571436
28571463
28573164
28573614
28573641
28574136
28574163
28574613
28576314
28576341
28576431
28614735
28617345
28617354
28617435
28641735
28645731
28647135
28647531
28654731
28657314
28657341
28657431
28671345
28671354
28671435
28674135
28674531
28675314
28675341
28675431
28713456
28713465
28713546
28713645
28713654
28714356
28714365
28714536
28714563
28714635
28715346
28715436
28715463
28716345
28716354
28716435
28731564
28735164
28735614
28735641
28741356
28741365
28741536
28741563
28741635
28745136
28745163
28745613
28746135
28746531
28751346
28751436
28751463
28753164
28753614
28753641
28754136
28754163
28754613
28756314
28756341
28756431
28761345
28761354
28761435
28764135
28764531
28765314
28765341
28765431
41267853
41268753
41276853
41278653
41286753
41287653
41627853
41628753
41672853
41678253
41678523
41678532
41682753
41687253
41687523
41687532
41726853
41728653
41762853
41768253
41768523
41768532
41782653
41786253
41786523
41786532
41826753
41827653
41862753
41867253
41867523
41867532
41872653
41876253
41876523
41876532
42168735
42186735
42187365
42187635
42567813
42568713
42576813
42578136
42578163
42578613
42586713
42587136
42587163
42587613
42618735
42657831
42658731
42675831
42678135
42678531
42681735
42685731
42687135
42687531
42756813
42758136
42758163
42758613
42765831
42768135
42768531
42781356
42781365
42781536
42781563
42781635
42785136
42785163
42785613
42786135
42786531
42816735
42817365
42817635
42856713
42857136
42857163
42857613
42861735
42865731
42867135
42867531
42871356
42871365
42871536
42871563
42871635
42875136
42875163
42875613
42876135
42876531
45267813
45268713
45276813
45278136
45278163
45278613
45286713
45287136
45287163
45287613
45627813
45628713
45672813
45678213
45682713
45687213
45726813
45728136
45728163
45728613
45762813
45768213
45782136
45782163
45782613
45786213
45826713
45827136
45827163
45827613
45862713
45867213
45872136
45872163
45872613
45876213
46127853
46128753
46172853
46178253
46178523
46178532
46182753
46187253
46187523
46187532
46218735
46257831
46258731
46275831
46278135
46278531
46281735
46285731
46287135
46287531
46527831
46528731
46572831
46578231
46578321
46582731
46587231
46587321
46712853
46718253
46718523
46718532
46725831
46728135
46728531
46752831
46758231
46758312
46758321
46781253
46781523
46781532
46782135
46782531
46785123
46785132
46785231
46785312
46785321
46812753
46817253
46817523
46817532
46821735
46825731
46827135
46827531
46852731
46857231
46857321
46871253
46871523
46871532
46872135
46872531
46875123
46875132
46875231
46875312
46875321
47126853
47128653
47162853
47168253
47168523
47168532
47182653
47186253
47186523
47186532
47256813
47258136
47258163
47258613
47265831
47268135
47268531
47281356
47281365
47281536
47281563
47281635
47285136
47285163
47285613
47286135
47286531
47526813
47528136
47528163
47528613
47562813
47568213
47582136
47582163
47582613
47586213
47612853
47618253
47618523
47618532
47625831
47628135
47628531
47652831
47658231
47658312
47658321
47681253
47681523
47681532
47682135
47682531
47685123
47685132
47685231
47685312
47685321
47812653
47816253
47816523
47816532
47821356
47821365
47821536
47821563
47821635
47825136
47825163
47825613
47826135
47826531
47852136
47852163
47852613
47856213
47861253
47861523
47861532
47862135
47862531
47865123
47865132
47865231
47865312
47865321
48126753
48127653
48162753
48167253
48167523
48167532
48172653
48176253
48176523
48176532
48216735
48217365
48217635
48256713
48257136
48257163
48257613
48261735
48265731
48267135
48267531
48271356
48271365
48271536
48271563
48271635
48275136
48275163
48275613
48276135
48276531
48526713
48527136
48527163
48527613
48562713
48567213
48572136
48572163
48572613
48576213
48612753
48617253
48617523
48617532
48621735
48625731
48627135
48627531
48652731
48657231
48657321
48671253
48671523
48671532
48672135
48672531
48675123
48675132
48675231
48675312
48675321
48712653
48716253
48716523
48716532
48721356
48721365
48721536
48721563
48721635
48725136
48725163
48725613
48726135
48726531
48752136
48752163
48752613
48756213
48761253
48761523
48761532
48762135
48762531
48765123
48765132
48765231
48765312
48765321
51273846
51278346
51278436
51278463
51287346
51287436
51287463
51678423
51678432
51687342
51687423
51687432
51723846
51728346
51728436
51728463
51732846
51738246
51768423
51768432
51782346
51782436
51782463
51783246
51786423
51786432
51827346
51827436
51827463
51867342
51867423
51867432
51872346
51872436
51872463
51873246
51873642
51876342
51876423
51876432
52173846
52178346
52178436
52178463
52187346
52187436
52187463
52467813
52468713
52476813
52478136
52478163
52478613
52486713
52487136
52487163
52487613
52647831
52648731
52674831
52678314
52678341
52678431
52684731
52687314
52687341
52687431
52713846
52718346
52718436
52718463
52746813
52748136
52748163
52748613
52764831
52768314
52768341
52768431
52781346
52781436
52781463
52783164
52783614
52783641
52784136
52784163
52784613
52786314
52786341
52786431
52817346
52817436
52817463
52846713
52847136
52847163
52847613
52864731
52867314
52867341
52867431
52871346
52871436
52871463
52873164
52873614
52873641
52874136
52874163
52874613
52876314
52876341
52876431
54267813
54268713
54276813
54278136
54278163
54278613
54286713
54287136
54287163
54287613
54627813
54628713
54672813
54678213
54682713
54687213
54726813
54728136
54728163
54728613
54762813
54768213
54782136
54782163
54782613
54786213
54826713
54827136
54827163
54827613
54862713
54867213
54872136
54872163
54872613
54876213
56178423
56178432
56187342
56187423
56187432
56247831
56248731
56274831
56278314
56278341
56278431
56284731
56287314
56287341
56287431
56427831
56428731
56472831
56478231
56478321
56482731
56487231
56487321
56718423
56718432
56724831
56728314
56728341
56728431
56742831
56748231
56748312
56748321
56781342
56781423
56781432
56782314
56782341
56782431
56783142
56783214
56783241
56783412
56783421
56784123
56784132
56784231
56784312
56784321
56817342
56817423
56817432
56824731
56827314
56827341
56827431
56842731
56847231
56847321
56871342
56871423
56871432
56872314
56872341
56872431
56873142
56873214
56873241
56873412
56873421
56874123
56874132
56874231
56874312
56874321
57123846
57128346
57128436
57128463
57132846
57138246
57168423
57168432
57182346
57182436
57182463
57183246
57186423
57186432
57213846
57218346
57218436
57218463
57246813
57248136
57248163
57248613
57264831
57268314
57268341
57268431
57281346
57281436
57281463
57283164
57283614
57283641
57284136
57284163
57284613
57286314
57286341
57286431
57312846
57318246
57381246
57426813
57428136
57428163
57428613
57462813
57468213
57482136
57482163
57482613
57486213
57618423
57618432
57624831
57628314
57628341
57628431
57642831
57648231
57648312
57648321
57681342
57681423
57681432
57682314
57682341
57682431
57683142
57683214
57683241
57683412
57683421
57684123
57684132
57684231
57684312
57684321
57812346
57812436
57812463
57813246
57813642
57816342
57816423
57816432
57821346
57821436
57821463
57823164
57823614
57823641
57824136
57824163
57824613
57826314
57826341
57826431
57831246
57831642
57832164
57832614
57832641
57836142
57836214
57836241
57836412
57836421
57842136
57842163
57842613
57846213
57861342
57861423
57861432
57862314
57862341
57862431
57863142
57863214
57863241
57863412
57863421
57864123
57864132
57864231
57864312
57864321
58127346
58127436
58127463
58167342
58167423
58167432
58172346
58172436
58172463
58173246
58173642
58176342
58176423
58176432
58217346
58217436
58217463
58246713
58247136
58247163
58247613
58264731
58267314
58267341
58267431
58271346
58271436
58271463
58273164
58273614
58273641
58274136
58274163
58274613
58276314
58276341
58276431
58426713
58427136
58427163
58427613
58462713
58467213
58472136
58472163
58472613
58476213
58617342
58617423
58617432
58624731
58627314
58627341
58627431
58642731
58647231
58647321
58671342
58671423
58671432
58672314
58672341
58672431
58673142
58673214
58673241
58673412
58673421
58674123
58674132
58674231
58674312
58674321
58712346
58712436
58712463
58713246
58713642
58716342
58716423
58716432
58721346
58721436
58721463
58723164
58723614
58723641
58724136
58724163
58724613
58726314
58726341
58726431
58731246
58731642
58732164
58732614
58732641
58736142
58736214
58736241
58736412
58736421
58742136
58742163
58742613
58746213
58761342
58761423
58761432
58762314
58762341
58762431
58763142
58763214
58763241
58763412
58763421
58764123
58764132
58764231
58764312
58764321
61248735
61278345
61278354
61278435
61284735
61287345
61287354
61287435
61427853
61428753
61472853
61478253
61478523
61478532
61482753
61487253
61487523
61487532
61578423
61578432
61587342
61587423
61587432
61728345
61728354
61728435
61742853
61748253
61748523
61748532
61758423
61758432
61782345
61782354
61782435
61783245
61783254
61783524
61784253
61784523
61784532
61785423
61785432
61824735
61827345
61827354
61827435
61842753
61847253
61847523
61847532
61857342
61857423
61857432
61872345
61872354
61872435
61873245
61873254
61873524
61874253
61874523
61874532
61875342
61875423
61875432
62148735
62178345
62178354
62178435
62184735
62187345
62187354
62187435
62418735
62457831
62458731
62475831
62478135
62478531
62481735
62485731
62487135
62487531
62547831
62548731
62574831
62578314
62578341
62578431
62584731
62587314
62587341
62587431
62718345
62718354
62718435
62745831
62748135
62748531
62754831
62758314
62758341
62758431
62781345
62781354
62781435
62784135
62784531
62785314
62785341
62785431
62814735
62817345
62817354
62817435
62841735
62845731
62847135
62847531
62854731
62857314
62857341
62857431
62871345
62871354
62871435
62874135
62874531
62875314
62875341
62875431
64127853
64128753
64172853
64178253
64178523
64178532
64182753
64187253
64187523
64187532
64218735
64257831
64258731
64275831
64278135
64278531
64281735
64285731
64287135
64287531
64527831
64528731
64572831
64578231
64578321
64582731
64587231
64587321
64712853
64718253
64718523
64718532
64725831
64728135
64728531
64752831
64758231
64758312
64758321
64781253
64781523
64781532
64782135
64782531
64785123
64785132
64785231
64785312
64785321
64812753
64817253
64817523
64817532
64821735
64825731
64827135
64827531
64852731
64857231
64857321
64871253
64871523
64871532
64872135
64872531
64875123
64875132
64875231
64875312
64875321
65178423
65178432
65187342
65187423
65187432
65247831
65248731
65274831
65278314
65278341
65278431
65284731
65287314
65287341
65287431
65427831
65428731
65472831
65478231
65478321
65482731
65487231
65487321
65718423
65718432
65724831
65728314
65728341
65728431
65742831
65748231
65748312
65748321
65781342
65781423
65781432
65782314
65782341
65782431
65783142
65783214
65783241
65783412
65783421
65784123
65784132
65784231
65784312
65784321
65817342
65817423
65817432
65824731
65827314
65827341
65827431
65842731
65847231
65847321
65871342
65871423
65871432
65872314
65872341
65872431
65873142
65873214
65873241
65873412
65873421
65874123
65874132
65874231
65874312
65874321
67128345
67128354
67128435
67142853
67148253
67148523
67148532
67158423
67158432
67182345
67182354
67182435
67183245
67183254
67183524
67184253
67184523
67184532
67185423
67185432
67218345
67218354
67218435
67245831
67248135
67248531
67254831
67258314
67258341
67258431
67281345
67281354
67281435
67284135
67284531
67285314
67285341
67285431
67412853
67418253
67418523
67418532
67425831
67428135
67428531
67452831
67458231
67458312
67458321
67481253
67481523
67481532
67482135
67482531
67485123
67485132
67485231
67485312
67485321
67518423
67518432
67524831
67528314
67528341
67528431
67542831
67548231
67548312
67548321
67581342
67581423
67581432
67582314
67582341
67582431
67583142
67583214
67583241
67583412
67583421
67584123
67584132
67584231
67584312
67584321
67812345
67812354
67812435
67813245
67813254
67813524
67814253
67814523
67814532
67815342
67815423
67815432
67821345
67821354
67821435
67824135
67824531
67825314
67825341
67825431
67841253
67841523
67841532
67842135
67842531
67845123
67845132
67845231
67845312
67845321
67851342
67851423
67851432
67852314
67852341
67852431
67853142
67853214
67853241
67853412
67853421
67854123
67854132
67854231
67854312
67854321
68124735
68127345
68127354
68127435
68142753
68147253
68147523
68147532
68157342
68157423
68157432
68172345
68172354
68172435
68173245
68173254
68173524
68174253
68174523
68174532
68175342
68175423
68175432
68214735
68217345
68217354
68217435
68241735
68245731
68247135
68247531
68254731
68257314
68257341
68257431
68271345
68271354
68271435
68274135
68274531
68275314
68275341
68275431
68412753
68417253
68417523
68417532
68421735
68425731
68427135
68427531
68452731
68457231
68457321
68471253
68471523
68471532
68472135
68472531
68475123
68475132
68475231
68475312
68475321
68517342
68517423
68517432
68524731
68527314
68527341
68527431
68542731
68547231
68547321
68571342
68571423
68571432
68572314
68572341
68572431
68573142
68573214
68573241
68573412
68573421
68574123
68574132
68574231
68574312
68574321
68712345
68712354
68712435
68713245
68713254
68713524
68714253
68714523
68714532
68715342
68715423
68715432
68721345
68721354
68721435
68724135
68724531
68725314
68725341
68725431
68731245
68731254
68731524
68735124
68741253
68741523
68741532
68742135
68742531
68745123
68745132
68745231
68745312
68745321
68751342
68751423
68751432
68752314
68752341
68752431
68753142
68753214
68753241
68753412
68753421
68754123
68754132
68754231
68754312
68754321
71235846
71238456
71238546
71253846
71258346
71258436
71258463
71268345
71268354
71268435
71283456
71283465
71283546
71283645
71283654
71284356
71284365
71284536
71284563
71284635
71285346
71285436
71285463
71286345
71286354
71286435
71325846
71328456
71328546
71352846
71358246
71382456
71382546
71385246
71426853
71428653
71462853
71468253
71468523
71468532
71482653
71486253
71486523
71486532
71523846
71528346
71528436
71528463
71532846
71538246
71568423
71568432
71582346
71582436
71582463
71583246
71586423
71586432
71628345
71628354
71628435
71642853
71648253
71648523
71648532
71658423
71658432
71682345
71682354
71682435
71683245
71683254
71683524
71684253
71684523
71684532
71685423
71685432
71823456
71823465
71823546
71823645
71823654
71824356
71824365
71824536
71824563
71824635
71825346
71825436
71825463
71826345
71826354
71826435
71832456
71832465
71832546
71832645
71832654
71835246
71836245
71836254
71836524
71842653
71846253
71846523
71846532
71852346
71852436
71852463
71853246
71856423
71856432
71862345
71862354
71862435
71863245
71863254
71863524
71864253
71864523
71864532
71865423
71865432
72135846
72138456
72138546
72153846
72158346
72158436
72158463
72168345
72168354
72168435
72183456
72183465
72183546
72183645
72183654
72184356
72184365
72184536
72184563
72184635
72185346
72185436
72185463
72186345
72186354
72186435
72456813
72458136
72458163
72458613
72465831
72468135
72468531
72481356
72481365
72481536
72481563
72481635
72485136
72485163
72485613
72486135
72486531
72513846
72518346
72518436
72518463
72546813
72548136
72548163
72548613
72564831
72568314
72568341
72568431
72581346
72581436
72581463
72583164
72583614
72583641
72584136
72584163
72584613
72586314
72586341
72586431
72618345
72618354
72618435
72645831
72648135
72648531
72654831
72658314
72658341
72658431
72681345
72681354
72681435
72684135
72684531
72685314
72685341
72685431
72813456
72813465
72813546
72813645
72813654
72814356
72814365
72814536
72814563
72814635
72815346
72815436
72815463
72816345
72816354
72816435
72831564
72835164
72835614
72835641
72841356
72841365
72841536
72841563
72841635
72845136
72845163
72845613
72846135
72846531
72851346
72851436
72851463
72853164
72853614
72853641
72854136
72854163
72854613
72856314
72856341
72856431
72861345
72861354
72861435
72864135
72864531
72865314
72865341
72865431
73125846
73128456
73128546
73152846
73158246
73182456
73182546
73185246
73512846
73518246
73581246
73812456
73812546
73815246
73851246
74126853
74128653
74162853
74168253
74168523
74168532
74182653
74186253
74186523
74186532
74256813
74258136
74258163
74258613
74265831
74268135
74268531
74281356
74281365
74281536
74281563
74281635
74285136
74285163
74285613
74286135
74286531
74526813
74528136
74528163
74528613
74562813
74568213
74582136
74582163
74582613
74586213
74612853
74618253
74618523
74618532
74625831
74628135
74628531
74652831
74658231
74658312
74658321
74681253
74681523
74681532
74682135
74682531
74685123
74685132
74685231
74685312
74685321
74812653
74816253
74816523
74816532
74821356
74821365
74821536
74821563
74821635
74825136
74825163
74825613
74826135
74826531
74852136
74852163
74852613
74856213
74861253
74861523
74861532
74862135
74862531
74865123
74865132
74865231
74865312
74865321
75123846
75128346
75128436
75128463
75132846
75138246
75168423
75168432
75182346
75182436
75182463
75183246
75186423
75186432
75213846
75218346
75218436
75218463
75246813
75248136
75248163
75248613
75264831
75268314
75268341
75268431
75281346
75281436
75281463
75283164
75283614
75283641
75284136
75284163
75284613
75286314
75286341
75286431
75312846
75318246
75381246
75426813
75428136
75428163
75428613
75462813
75468213
75482136
75482163
75482613
75486213
75618423
75618432
75624831
75628314
75628341
75628431
75642831
75648231
75648312
75648321
75681342
75681423
75681432
75682314
75682341
75682431
75683142
75683214
75683241
75683412
75683421
75684123
75684132
75684231
75684312
75684321
75812346
75812436
75812463
75813246
75813642
75816342
75816423
75816432
75821346
75821436
75821463
75823164
75823614
75823641
75824136
75824163
75824613
75826314
75826341
75826431
75831246
75831642
75832164
75832614
75832641
75836142
75836214
75836241
75836412
75836421
75842136
75842163
75842613
75846213
75861342
75861423
75861432
75862314
75862341
75862431
75863142
75863214
75863241
75863412
75863421
75864123
75864132
75864231
75864312
75864321
76128345
76128354
76128435
76142853
76148253
76148523
76148532
76158423
76158432
76182345
76182354
76182435
76183245
76183254
76183524
76184253
76184523
76184532
76185423
76185432
76218345
76218354
76218435
76245831
76248135
76248531
76254831
76258314
76258341
76258431
76281345
76281354
76281435
76284135
76284531
76285314
76285341
76285431
76412853
76418253
76418523
76418532
76425831
76428135
76428531
76452831
76458231
76458312
76458321
76481253
76481523
76481532
76482135
76482531
76485123
76485132
76485231
76485312
76485321
76518423
76518432
76524831
76528314
76528341
76528431
76542831
76548231
76548312
76548321
76581342
76581423
76581432
76582314
76582341
76582431
76583142
76583214
76583241
76583412
76583421
76584123
76584132
76584231
76584312
76584321
76812345
76812354
76812435
76813245
76813254
76813524
76814253
76814523
76814532
76815342
76815423
76815432
76821345
76821354
76821435
76824135
76824531
76825314
76825341
76825431
76841253
76841523
76841532
76842135
76842531
76845123
76845132
76845231
76845312
76845321
76851342
76851423
76851432
76852314
76852341
76852431
76853142
76853214
76853241
76853412
76853421
76854123
76854132
76854231
76854312
76854321
78123456
78123465
78123546
78123645
78123654
78124356
78124365
78124536
78124563
78124635
78125346
78125436
78125463
78126345
78126354
78126435
78132456
78132465
78132546
78132645
78132654
78135246
78135642
78136245
78136254
78136524
78142653
78146253
78146523
78146532
78152346
78152436
78152463
78153246
78153642
78156342
78156423
78156432
78162345
78162354
78162435
78163245
78163254
78163524
78164253
78164523
78164532
78165342
78165423
78165432
78213456
78213465
78213546
78213645
78213654
78214356
78214365
78214536
78214563
78214635
78215346
78215436
78215463
78216345
78216354
78216435
78231564
78235164
78235614
78235641
78241356
78241365
78241536
78241563
78241635
78245136
78245163
78245613
78246135
78246531
78251346
78251436
78251463
78253164
78253614
78253641
78254136
78254163
78254613
78256314
78256341
78256431
78261345
78261354
78261435
78264135
78264531
78265314
78265341
78265431
78312456
78312465
78312546
78312645
78312654
78315246
78315642
78321564
78325164
78325614
78325641
78351246
78351642
78352164
78352614
78352641
78356142
78356214
78356241
78356412
78356421
78412653
78416253
78416523
78416532
78421356
78421365
78421536
78421563
78421635
78425136
78425163
78425613
78426135
78426531
78452136
78452163
78452613
78456213
78461253
78461523
78461532
78462135
78462531
78465123
78465132
78465231
78465312
78465321
78512346
78512436
78512463
78513246
78513642
78516342
78516423
78516432
78521346
78521436
78521463
78523164
78523614
78523641
78524136
78524163
78524613
78526314
78526341
78526431
78531246
78531642
78532164
78532614
78532641
78536142
78536214
78536241
78536412
78536421
78542136
78542163
78542613
78546213
78561342
78561423
78561432
78562314
78562341
78562431
78563142
78563214
78563241
78563412
78563421
78564123
78564132
78564231
78564312
78564321
78612345
78612354
78612435
78613245
78613254
78613524
78614253
78614523
78614532
78615342
78615423
78615432
78621345
78621354
78621435
78624135
78624531
78625314
78625341
78625431
78641253
78641523
78641532
78642135
78642531
78645123
78645132
78645231
78645312
78645321
78651342
78651423
78651432
78652314
78652341
78652431
78653142
78653214
78653241
78653412
78653421
78654123
78654132
78654231
78654312
78654321
81246735
81247365
81247635
81257346
81257436
81257463
81264735
81267345
81267354
81267435
81273456
81273465
81273546
81273645
81273654
81274356
81274365
81274536
81274563
81274635
81275346
81275436
81275463
81276345
81276354
81276435
81426753
81427653
81462753
81467253
81467523
81467532
81472653
81476253
81476523
81476532
81527346
81527436
81527463
81567342
81567423
81567432
81572346
81572436
81572463
81573246
81573642
81576342
81576423
81576432
81624735
81627345
81627354
81627435
81642753
81647253
81647523
81647532
81657342
81657423
81657432
81672345
81672354
81672435
81673245
81673254
81673524
81674253
81674523
81674532
81675342
81675423
81675432
81723456
81723465
81723546
81723645
81723654
81724356
81724365
81724536
81724563
81724635
81725346
81725436
81725463
81726345
81726354
81726435
81732456
81732465
81732546
81732645
81732654
81735246
81735642
81736245
81736254
81736524
81742653
81746253
81746523
81746532
81752346
81752436
81752463
81753246
81753642
81756342
81756423
81756432
81762345
81762354
81762435
81763245
81763254
81763524
81764253
81764523
81764532
81765342
81765423
81765432
82146735
82147365
82147635
82157346
82157436
82157463
82164735
82167345
82167354
82167435
82173456
82173465
82173546
82173645
82173654
82174356
82174365
82174536
82174563
82174635
82175346
82175436
82175463
82176345
82176354
82176435
82416735
82417365
82417635
82456713
82457136
82457163
82457613
82461735
82465731
82467135
82467531
82471356
82471365
82471536
82471563
82471635
82475136
82475163
82475613
82476135
82476531
82517346
82517436
82517463
82546713
82547136
82547163
82547613
82564731
82567314
82567341
82567431
82571346
82571436
82571463
82573164
82573614
82573641
82574136
82574163
82574613
82576314
82576341
82576431
82614735
82617345
82617354
82617435
82641735
82645731
82647135
82647531
82654731
82657314
82657341
82657431
82671345
82671354
82671435
82674135
82674531
82675314
82675341
82675431
82713456
82713465
82713546
82713645
82713654
82714356
82714365
82714536
82714563
82714635
82715346
82715436
82715463
82716345
82716354
82716435
82731564
82735164
82735614
82735641
82741356
82741365
82741536
82741563
82741635
82745136
82745163
82745613
82746135
82746531
82751346
82751436
82751463
82753164
82753614
82753641
82754136
82754163
82754613
82756314
82756341
82756431
82761345
82761354
82761435
82764135
82764531
82765314
82765341
82765431
84126753
84127653
84162753
84167253
84167523
84167532
84172653
84176253
84176523
84176532
84216735
84217365
84217635
84256713
84257136
84257163
84257613
84261735
84265731
84267135
84267531
84271356
84271365
84271536
84271563
84271635
84275136
84275163
84275613
84276135
84276531
84526713
84527136
84527163
84527613
84562713
84567213
84572136
84572163
84572613
84576213
84612753
84617253
84617523
84617532
84621735
84625731
84627135
84627531
84652731
84657231
84657321
84671253
84671523
84671532
84672135
84672531
84675123
84675132
84675231
84675312
84675321
84712653
84716253
84716523
84716532
84721356
84721365
84721536
84721563
84721635
84725136
84725163
84725613
84726135
84726531
84752136
84752163
84752613
84756213
84761253
84761523
84761532
84762135
84762531
84765123
84765132
84765231
84765312
84765321
85127346
85127436
85127463
85167342
85167423
85167432
85172346
85172436
85172463
85173246
85173642
85176342
85176423
85176432
85217346
85217436
85217463
85246713
85247136
85247163
85247613
85264731
85267314
85267341
85267431
85271346
85271436
85271463
85273164
85273614
85273641
85274136
85274163
85274613
85276314
85276341
85276431
85426713
85427136
85427163
85427613
85462713
85467213
85472136
85472163
85472613
85476213
85617342
85617423
85617432
85624731
85627314
85627341
85627431
85642731
85647231
85647321
85671342
85671423
85671432
85672314
85672341
85672431
85673142
85673214
85673241
85673412
85673421
85674123
85674132
85674231
85674312
85674321
85712346
85712436
85712463
85713246
85713642
85716342
85716423
85716432
85721346
85721436
85721463
85723164
85723614
85723641
85724136
85724163
85724613
85726314
85726341
85726431
85731246
85731642
85732164
85732614
85732641
85736142
85736214
85736241
85736412
85736421
85742136
85742163
85742613
85746213
85761342
85761423
85761432
85762314
85762341
85762431
85763142
85763214
85763241
85763412
85763421
85764123
85764132
85764231
85764312
85764321
86124735
86127345
86127354
86127435
86142753
86147253
86147523
86147532
86157342
86157423
86157432
86172345
86172354
86172435
86173245
86173254
86173524
86174253
86174523
86174532
86175342
86175423
86175432
86214735
86217345
86217354
86217435
86241735
86245731
86247135
86247531
86254731
86257314
86257341
86257431
86271345
86271354
86271435
86274135
86274531
86275314
86275341
86275431
86412753
86417253
86417523
86417532
86421735
86425731
86427135
86427531
86452731
86457231
86457321
86471253
86471523
86471532
86472135
86472531
86475123
86475132
86475231
86475312
86475321
86517342
86517423
86517432
86524731
86527314
86527341
86527431
86542731
86547231
86547321
86571342
86571423
86571432
86572314
86572341
86572431
86573142
86573214
86573241
86573412
86573421
86574123
86574132
86574231
86574312
86574321
86712345
86712354
86712435
86713245
86713254
86713524
86714253
86714523
86714532
86715342
86715423
86715432
86721345
86721354
86721435
86724135
86724531
86725314
86725341
86725431
86731245
86731254
86731524
86735124
86741253
86741523
86741532
86742135
86742531
86745123
86745132
86745231
86745312
86745321
86751342
86751423
86751432
86752314
86752341
86752431
86753142
86753214
86753241
86753412
86753421
86754123
86754132
86754231
86754312
86754321
87123456
87123465
87123546
87123645
87123654
87124356
87124365
87124536
87124563
87124635
87125346
87125436
87125463
87126345
87126354
87126435
87132456
87132465
87132546
87132645
87132654
87135246
87135642
87136245
87136254
87136524
87142653
87146253
87146523
87146532
87152346
87152436
87152463
87153246
87153642
87156342
87156423
87156432
87162345
87162354
87162435
87163245
87163254
87163524
87164253
87164523
87164532
87165342
87165423
87165432
87213456
87213465
87213546
87213645
87213654
87214356
87214365
87214536
87214563
87214635
87215346
87215436
87215463
87216345
87216354
87216435
87231564
87235164
87235614
87235641
87241356
87241365
87241536
87241563
87241635
87245136
87245163
87245613
87246135
87246531
87251346
87251436
87251463
87253164
87253614
87253641
87254136
87254163
87254613
87256314
87256341
87256431
87261345
87261354
87261435
87264135
87264531
87265314
87265341
87265431
87312456
87312465
87312546
87312645
87312654
87315246
87315642
87316245
87316254
87316524
87321564
87325164
87325614
87325641
87351246
87351642
87352164
87352614
87352641
87356142
87356214
87356241
87356412
87356421
87361245
87361254
87361524
87365124
87412653
87416253
87416523
87416532
87421356
87421365
87421536
87421563
87421635
87425136
87425163
87425613
87426135
87426531
87452136
87452163
87452613
87456213
87461253
87461523
87461532
87462135
87462531
87465123
87465132
87465231
87465312
87465321
87512346
87512436
87512463
87513246
87513642
87516342
87516423
87516432
87521346
87521436
87521463
87523164
87523614
87523641
87524136
87524163
87524613
87526314
87526341
87526431
87531246
87531642
87532164
87532614
87532641
87536142
87536214
87536241
87536412
87536421
87542136
87542163
87542613
87546213
87561342
87561423
87561432
87562314
87562341
87562431
87563142
87563214
87563241
87563412
87563421
87564123
87564132
87564231
87564312
87564321
87612345
87612354
87612435
87613245
87613254
87613524
87614253
87614523
87614532
87615342
87615423
87615432
87621345
87621354
87621435
87624135
87624531
87625314
87625341
87625431
87631245
87631254
87631524
87635124
87641253
87641523
87641532
87642135
87642531
87645123
87645132
87645231
87645312
87645321
87651342
87651423
87651432
87652314
87652341
87652431
87653142
87653214
87653241
87653412
87653421
87654123
87654132
87654231
87654312
87654321
